#CLCT slope with consistency criteria amendment by residual GEM association difference in 1/8th strips
#Structure is input unsigned residual 1/8th strip difference (uint16_t) -> output unsigned slope change (uint16_t)
#<header> v1.0 8 32 </header>
0 0
1 0
2 0
3 0
4 1
5 1
6 1
7 1
8 1
9 1
10 1
11 1
12 2
13 2
14 2
15 2
16 2
17 2
18 2
19 2
20 3
21 3
22 3
23 3
24 3
25 3
26 3
27 3
28 4
29 4
30 4
31 4
32 4
33 4
34 4
35 4
36 5
37 5
38 5
39 5
40 5
41 5
42 5
43 5
44 6
45 6
46 6
47 6
48 6
49 6
50 6
51 6
52 7
53 7
54 7
55 7
56 7
57 7
58 7
59 8
60 8
61 8
62 8
63 8
64 8
65 8
66 8
67 9
68 9
69 9
70 9
71 9
72 9
73 9
74 9
75 10
76 10
77 10
78 10
79 10
80 10
81 10
82 10
83 11
84 11
85 11
86 11
87 11
88 11
89 11
90 11
91 12
92 12
93 12
94 12
95 12
96 12
97 12
98 12
99 13
100 13
101 13
102 13
103 13
104 13
105 13
106 13
107 14
108 14
109 14
110 14
111 14
112 14
113 14
114 14
115 15
116 15
117 15
118 15
119 15
120 15
121 15
122 15
123 15
124 15
125 15
126 15
127 15
