#CLCT slope without consistency criteria amendment by residual GEM association difference in 1/8th strips
#Structure is input unsigned residual 1/8th strip difference (uint16_t) -> output unsigned slope change (uint16_t)
#<header> v1.0 8 32 </header>
0 0
1 0
2 0
3 0
4 1
5 1
6 1
7 1
8 1
9 1
10 1
11 1
12 1
13 2
14 2
15 2
16 2
17 2
18 2
19 2
20 2
21 3
22 3
23 3
24 3
25 3
26 3
27 3
28 3
29 4
30 4
31 4
32 4
33 4
34 4
35 4
36 4
37 4
38 5
39 5
40 5
41 5
42 5
43 5
44 5
45 5
46 6
47 6
48 6
49 6
50 6
51 6
52 6
53 6
54 6
55 7
56 7
57 7
58 7
59 7
60 7
61 7
62 7
63 8
64 8
65 8
66 8
67 8
68 8
69 8
70 8
71 8
72 9
73 9
74 9
75 9
76 9
77 9
78 9
79 9
80 10
81 10
82 10
83 10
84 10
85 10
86 10
87 10
88 11
89 11
90 11
91 11
92 11
93 11
94 11
95 11
96 11
97 12
98 12
99 12
100 12
101 12
102 12
103 12
104 12
105 13
106 13
107 13
108 13
109 13
110 13
111 13
112 13
113 13
114 14
115 14
116 14
117 14
118 14
119 14
120 14
121 14
122 15
123 15
124 15
125 15
126 15
127 15
