#CLCT slope with consistency criteria amendment by residual GEM association difference in 1/8th strips
#Structure is input unsigned residual 1/8th strip difference (uint16_t) -> output unsigned slope change (uint16_t)
#<header> v1.0 8 32 </header>
0 0
1 0
2 0
3 0
4 0
5 1
6 1
7 1
8 1
9 1
10 1
11 1
12 1
13 1
14 1
15 1
16 2
17 2
18 2
19 2
20 2
21 2
22 2
23 2
24 2
25 2
26 2
27 3
28 3
29 3
30 3
31 3
32 3
33 3
34 3
35 3
36 3
37 4
38 4
39 4
40 4
41 4
42 4
43 4
44 4
45 4
46 4
47 4
48 5
49 5
50 5
51 5
52 5
53 5
54 5
55 5
56 5
57 5
58 6
59 6
60 6
61 6
62 6
63 6
64 6
65 6
66 6
67 6
68 6
69 7
70 7
71 7
72 7
73 7
74 7
75 7
76 7
77 7
78 7
79 7
80 8
81 8
82 8
83 8
84 8
85 8
86 8
87 8
88 8
89 8
90 9
91 9
92 9
93 9
94 9
95 9
96 9
97 9
98 9
99 9
100 9
101 10
102 10
103 10
104 10
105 10
106 10
107 10
108 10
109 10
110 10
111 11
112 11
113 11
114 11
115 11
116 11
117 11
118 11
119 11
120 11
121 11
122 12
123 12
124 12
125 12
126 12
127 12
