#CLCT slope with consistency criteria amendment by residual GEM association difference in 1/8th strips
#Structure is input unsigned residual 1/8th strip difference (uint16_t) -> output unsigned slope change (uint16_t)
#<header> v1.0 8 32 </header>
0 0
1 0
2 1
3 1
4 1
5 1
6 2
7 2
8 2
9 3
10 3
11 3
12 3
13 4
14 4
15 4
16 4
17 5
18 5
19 5
20 5
21 6
22 6
23 6
24 7
25 7
26 7
27 7
28 8
29 8
30 8
31 8
32 9
33 9
34 9
35 9
36 10
37 10
38 10
39 10
40 11
41 11
42 11
43 12
44 12
45 12
46 12
47 13
48 13
49 13
50 13
51 14
52 14
53 14
54 14
55 15
56 15
57 15
58 15
59 15
60 15
61 15
62 15
63 15
64 15
65 15
66 15
67 15
68 15
69 15
70 15
71 15
72 15
73 15
74 15
75 15
76 15
77 15
78 15
79 15
80 15
81 15
82 15
83 15
84 15
85 15
86 15
87 15
88 15
89 15
90 15
91 15
92 15
93 15
94 15
95 15
96 15
97 15
98 15
99 15
100 15
101 15
102 15
103 15
104 15
105 15
106 15
107 15
108 15
109 15
110 15
111 15
112 15
113 15
114 15
115 15
116 15
117 15
118 15
119 15
120 15
121 15
122 15
123 15
124 15
125 15
126 15
127 15
