#CLCT slope without consistency criteria amendment by residual GEM association difference in 1/8th strips
#Structure is input unsigned residual 1/8th strip difference (uint16_t) -> output unsigned slope change (uint16_t)
#<header> v1.0 8 32 </header>
0 0
1 0
2 0
3 0
4 0
5 1
6 1
7 1
8 1
9 1
10 1
11 1
12 1
13 1
14 2
15 2
16 2
17 2
18 2
19 2
20 2
21 2
22 2
23 3
24 3
25 3
26 3
27 3
28 3
29 3
30 3
31 3
32 4
33 4
34 4
35 4
36 4
37 4
38 4
39 4
40 4
41 5
42 5
43 5
44 5
45 5
46 5
47 5
48 5
49 5
50 6
51 6
52 6
53 6
54 6
55 6
56 6
57 6
58 6
59 7
60 7
61 7
62 7
63 7
64 7
65 7
66 7
67 7
68 7
69 8
70 8
71 8
72 8
73 8
74 8
75 8
76 8
77 8
78 9
79 9
80 9
81 9
82 9
83 9
84 9
85 9
86 9
87 10
88 10
89 10
90 10
91 10
92 10
93 10
94 10
95 10
96 11
97 11
98 11
99 11
100 11
101 11
102 11
103 11
104 11
105 12
106 12
107 12
108 12
109 12
110 12
111 12
112 12
113 12
114 13
115 13
116 13
117 13
118 13
119 13
120 13
121 13
122 13
123 14
124 14
125 14
126 14
127 14
