#CLCT slope without consistency criteria amendment by residual GEM association difference in 1/8th strips
#Structure is input unsigned residual 1/8th strip difference (uint16_t) -> output unsigned slope change (uint16_t)
#<header> v1.0 8 32 </header>
0 0
1 0
2 0
3 0
4 1
5 1
6 1
7 1
8 1
9 1
10 1
11 2
12 2
13 2
14 2
15 2
16 2
17 2
18 2
19 3
20 3
21 3
22 3
23 3
24 3
25 3
26 4
27 4
28 4
29 4
30 4
31 4
32 4
33 5
34 5
35 5
36 5
37 5
38 5
39 5
40 5
41 6
42 6
43 6
44 6
45 6
46 6
47 6
48 7
49 7
50 7
51 7
52 7
53 7
54 7
55 7
56 8
57 8
58 8
59 8
60 8
61 8
62 8
63 9
64 9
65 9
66 9
67 9
68 9
69 9
70 9
71 10
72 10
73 10
74 10
75 10
76 10
77 10
78 11
79 11
80 11
81 11
82 11
83 11
84 11
85 11
86 12
87 12
88 12
89 12
90 12
91 12
92 12
93 13
94 13
95 13
96 13
97 13
98 13
99 13
100 14
101 14
102 14
103 14
104 14
105 14
106 14
107 14
108 15
109 15
110 15
111 15
112 15
113 15
114 15
115 15
116 15
117 15
118 15
119 15
120 15
121 15
122 15
123 15
124 15
125 15
126 15
127 15
